-17
-20
-15
-2
-7
-4
-18
-7
-5
-6
+16
+6
+2
-7
+18
+4
-9
-3
-17
+9
+2
-9
-5
-12
+10
-13
-16
-7
+5
+8
+17
-3
-10
+16
-1
+7
-5
-9
-16
-7
+12
-11
+17
+1
-17
+11
-7
-9
+12
+8
+16
+9
+1
-17
-10
-12
-17
-11
+12
-17
+6
+14
-1
-10
+9
-3
+13
-4
-16
+13
-8
-14
+5
-6
-4
+7
-6
-17
+13
+20
+3
-12
-5
-12
-5
+16
-3
+14
+15
-19
+20
+14
+2
+12
+27
-5
+10
+19
+10
-11
+10
-1
+10
-1
-13
-10
+22
-1
+7
+8
+16
+19
-15
+2
-1
+16
+11
-9
-5
-1
-3
+6
-4
-1
-12
+19
-9
-3
-1
-10
+9
+19
+18
+4
-2
-14
+7
-4
-1
+4
-14
-18
-15
-15
-9
+10
+12
-17
-18
-13
+19
+18
+18
-4
-8
+1
-5
+6
+2
+13
-1
+29
+13
+14
+9
-3
+5
+14
-18
+5
+5
+15
+13
+5
+9
+13
+6
-3
-13
-8
+7
+20
+10
+15
+9
+18
-6
+19
+14
+18
-16
+2
-10
+18
-9
+16
-8
+18
+6
-1
+6
-10
+12
-9
+13
+11
-19
+5
+18
-2
+7
+10
+2
+5
+5
-6
-10
-7
-9
-17
-11
-7
-8
+19
-5
-1
-9
-16
+7
+8
-7
+11
-6
-4
-3
-14
-11
-5
-7
+4
+6
+10
+15
-6
+25
-1
+21
+3
+3
-9
+11
-4
-17
+22
+10
+22
+12
+10
-5
+4
-16
-9
-11
-8
-4
+10
-1
+27
-14
+9
+10
-3
+16
+18
-14
+9
+8
-14
+3
+6
+18
-7
-4
-18
-13
+4
+10
-9
-17
-18
-10
-27
+12
+2
+4
-1
+6
-24
+9
+26
+2
+2
+20
-11
+21
-12
-2
-5
+14
+21
-8
+14
+2
-5
+8
+12
+8
+19
-11
+1
+16
+6
-1
-3
+11
+17
-6
-4
+5
-15
-1
+10
+7
-14
+9
-20
-4
-7
-5
-6
+10
-15
+6
-9
+1
+16
-12
+2
-19
-13
+19
+1
+7
+19
+11
-4
+9
-15
-12
+17
+19
-6
-4
-12
-9
-18
-5
+14
+14
+23
+34
+15
+24
-6
+24
+14
+11
+12
+19
+13
-5
-3
+16
-1
+34
+17
+7
-9
+12
+17
+17
+16
+7
+18
-6
-13
-7
-7
+3
+7
+9
-7
+4
-11
-8
-8
-8
-12
+14
+3
-6
-7
-20
+19
-15
-5
-16
+3
-13
+18
-14
+3
-19
+26
+21
+3
+18
+8
-11
-16
-7
-2
-11
+34
+8
+10
-17
-18
+14
-24
+17
-5
-34
-28
-16
-16
-15
-15
+3
+4
-5
+29
-2
-13
-11
+19
+31
+94
+6
+13
-12
+23
+21
+13
-4
+19
-6
-17
+20
+7
+15
+5
-13
+5
+6
+10
-18
-7
-12
-16
-9
-4
+14
-16
-2
+16
-2
+13
+20
+9
-3
+10
-15
-9
-5
-4
+20
-10
-20
+6
+18
-15
+14
+8
+15
+20
-7
-7
+10
-7
+14
-13
-7
-28
-10
-6
+11
-23
-17
+11
+4
-28
+15
-4
+3
-23
-6
+2
+25
-24
-11
+68
-7
+38
-4
+23
+19
-9
-1
-20
+16
+33
-36
+26
+7
+47
+8
+21
+16
+24
+21
-22
-3
-14
-17
+7
+21
-20
+15
-11
+26
+64
-13
-45
+17
+9
+8
+18
+28
-23
+67
+39
-209
-14
-8
-197
+101
-73
+23
+81274
+10
+19
-8
-1
-11
+7
-9
-11
-17
+7
+16
+11
+19
+15
+13
-14
-9
+17
-19
-10
+13
+6
+9
-2
+16
+16
-12
+14
-6
+7
+7
+8
-20
-7
-17
+11
+10
-3
+13
-4
+6
-14
+6
+20
-4
+18
-4
-7
-6
+18
-6
-16
+5
-11
+17
-19
+23
+10
+15
+10
+1
-13
-11
+20
-1
+10
+18
+3
+6
+10
-6
+12
-17
-13
+3
-19
-12
-4
-3
-15
+11
-7
+3
-6
+24
+8
-9
+5
+19
-1
-5
+19
+16
+17
-7
+17
-19
+5
-11
+17
+17
+2
-5
-9
+17
-7
-13
+10
+18
-9
-10
-4
-6
-25
+10
+11
-1
-11
+14
-19
-20
-11
-15
+16
+20
-9
+10
+3
-16
-3
-10
-1
+9
-14
+1
+8
+18
+3
+4
+6
-16
+41
+12
+13
+3
+19
+18
-13
-6
+7
+17
-15
-15
-7
-10
-4
-10
+15
+13
+1
-17
+6
+16
+8
+7
+11
-6
-9
-15
+5
+5
+13
+20
+20
+19
+14
+6
+6
-11
+1
+17
+5
-15
-12
-9
+11
-14
-10
-3
+6
-16
-16
+19
+5
+4
+18
+12
+7
-16
+12
+3
+18
+15
-17
+8
-4
-15
-19
-7
-16
+7
-14
+17
+1
+6
+13
+2
+9
-1
+12
+10
+7
+5
+15
+3
+4
+10
+10
-8
+13
+11
+8
-14
-7
-4
+19
-17
+11
+19
-12
-15
+11
+12
-5
+20
-4
+16
-17
-2
+13
-20
+13
-11
-17
+20
-7
+19
+10
-6
+8
+21
+15
+12
-13
+8
-18
+5
-3
-14
+4
+15
-13
-4
+7
+17
-11
-14
+15
+17
-8
-15
-13
+6
-4
+14
+8
+10
+16
+8
+12
-4
-19
+2
+6
+19
-12
-6
-17
+20
-2
-16
+1
-15
-13
-6
-15
-17
+1
+6
-11
-16
-16
-18
-4
-6
+9
-18
+13
-20
+5
+14
+12
-13
+17
+10
-15
+16
+11
-9
+23
-9
-19
-19
-12
-4
+3
-10
-13
+18
-8
-4
+15
-12
-16
-4
+7
-5
-9
+17
+16
+1
-8
-10
+13
+22
+11
-4
-5
+31
-3
+15
-8
+25
+15
-21
-4
+17
+3
+3
+7
+11
-15
-4
+10
-21
-15
+31
+1
-12
+13
+25
+14
+6
-3
-8
+13
+3
+4
+12
+4
-8
+9
+12
+22
-14
+1
+7
-21
+2
+9
+12
+17
-8
+19
+12
-5
-14
+3
-6
+13
+1
+10
-8
-15
-26
+2
-1
+8
-15
+12
-18
-13
-21
+5
+12
+10
-1
-19
+12
-35
+1
+4
+44
+30
+2
+33
+4
+21
+13
+1
-16
-15
+19
-5
-19
-7
-3
+8
-9
-12
-10
-12
+4
-1
+20
+13
+17
-82073
